[[[[ 0.73941946,  2.2287688 ,  1.2942175 , ...,  5.614827  ,
     3.2062514 ,  0.11629516],
   [ 8.927017  , -1.589242  ,  0.81256413, ..., -1.118493  ,
    -3.4056861 , -0.9490507 ],
   [ 2.0907195 , -3.4951782 , -2.5802765 , ..., -2.1693044 ,
    -0.59448296,  3.12387   ],
   ...,
   [-1.995757  , -3.268391  ,  2.0364134 , ...,  1.2687887 ,
     1.158689  ,  0.5655738 ],
   [ 1.459     , -2.5574467 ,  2.8211408 , ..., -0.8207151 ,
    -1.0519824 ,  1.1868134 ],
   [ 1.9398032 ,  4.4655347 ,  2.0294256 , ..., -2.2301311 ,
     0.4037431 ,  6.11837   ]],

  [[ 1.6638263 ,  0.5142028 , -1.4377068 , ...,  8.741346  ,
     3.4110756 ,  3.3465695 ],
   [-1.1042821 ,  4.2109656 ,  2.4339116 , ...,  0.3284706 ,
    -0.5020064 , -1.956289  ],
   [ 0.9317332 ,  2.7474117 ,  3.3837678 , ...,  0.6487224 ,
     1.0496522 ,  1.3418556 ],
   ...,
   [-2.9528112 ,  0.935384  ,  4.5728664 , ...,  0.9127456 ,
     5.6326427 , -0.34212843],
   [-1.4659997 ,  1.1722397 ,  0.1929995 , ...,  2.928715  ,
     4.4946737 ,  3.722338  ],
   [ 4.0753613 , -0.25841147, -4.277451  , ...,  4.8239226 ,
     0.49750173,  4.1965194 ]],

  [[-5.8598456 , -0.371401  ,  0.602648  , ..., -0.66094035,
    -0.8352993 ,  0.25081965],
   [-2.4015346 ,  4.1024127 , -0.7107089 , ...,  3.1464658 ,
     2.2405598 , -1.7718084 ],
   [-3.3375103 ,  0.59556687,  0.08003815, ..., -1.4557518 ,
     3.1288483 , -2.9357367 ],
   ...,
   [-8.005241  ,  1.2958006 , -1.6289204 , ...,  0.53961766,
    -0.08986177,  4.704758  ],
   [-2.0097349 ,  1.732425  ,  0.06021686, ...,  1.4939646 ,
     5.5992374 , -1.4448966 ],
   [ 3.3866158 ,  0.48000643,  3.9540558 , ...,  2.3773413 ,
    -0.29550278, 11.0374    ]]],


 [[[ 1.9001733 ,  3.703545  ,  0.45097622, ...,  0.5348208 ,
     1.0726798 ,  3.2561517 ],
   [ 2.3014915 , -4.2661757 , -4.087916  , ..., -0.02131565,
     2.8074226 ,  3.034393  ],
   [ 4.239386  , -3.4830852 , -0.9385085 , ..., -1.0326291 ,
     0.18351285, -3.470019  ],
   ...,
   [-5.500521  , -4.950796  , -2.4914308 , ...,  1.9011818 ,
    -3.780043  ,  2.830968  ],
   [ 2.519226  , -1.8272116 , -5.670056  , ...,  5.173954  ,
     0.90670526,  2.869244  ],
   [ 3.0616112 , -3.4589133 , -0.5147921 , ...,  3.5025673 ,
     4.430566  , -1.715373  ]],

  [[12.438097  , -2.3424575 ,  1.4745717 , ...,  5.5750833 ,
    -3.0726159 , -1.5213746 ],
   [-3.5513387 ,  3.1904855 , -0.24912877, ...,  3.24766   ,
     1.3232571 , -0.03656332],
   [ 1.2640398 ,  4.219688  ,  1.907365  , ..., -2.643562  ,
     0.01504442, -2.0414867 ],
   ...,
   [-0.8896736 ,  1.2217937 ,  0.96226555, ...,  0.59500605,
     2.9125082 ,  3.0444882 ],
   [-6.008565  ,  4.718413  ,  3.8663275 , ...,  3.4025776 ,
     4.702802  , -2.8049078 ],
   [ 2.0826197 , -2.1484365 , -2.33938   , ...,  2.7683816 ,
     0.504394  , -5.2812543 ]],

  [[ 5.044218  , -1.9076515 ,  4.6969    , ..., -0.5749069 ,
    -1.499609  , -2.1777415 ],
   [-4.348747  , -0.5517639 ,  2.2435455 , ..., -1.1970043 ,
     3.9715114 , -5.3473454 ],
   [-5.9297895 ,  4.097251  , -3.9718776 , ..., -4.0708404 ,
     2.8481908 ,  0.5354996 ],
   ...,
   [-4.289308  ,  0.40477398, -2.50911   , ...,  5.2319617 ,
     2.9709446 ,  2.985851  ],
   [-1.6324371 ,  1.0609437 , -2.6995618 , ..., -1.8473811 ,
     0.56215984, -0.4091595 ],
   [-3.4088073 ,  0.07767037,  1.6933106 , ..., -0.5466523 ,
     2.9976673 , -3.3402975 ]]],


 [[[ 1.8001385 , -0.7153559 , -0.87230104, ...,  3.32272   ,
     4.13273   ,  2.2756524 ],
   [ 3.8651383 , -2.6528492 ,  0.36245263, ...,  2.1187615 ,
     3.5603907 ,  4.3847547 ],
   [-2.4464533 , -1.3622822 , -2.6354103 , ..., -3.707168  ,
     1.1974443 ,  1.2526041 ],
   ...,
   [-0.6280238 , -0.55506444,  0.9902605 , ..., -1.3648813 ,
    -2.4058442 , -1.2833893 ],
   [ 2.836144  , -0.09293818,  0.45612782, ...,  3.7534342 ,
     3.5276816 ,  5.2443213 ],
   [-2.2904375 ,  1.051064  , -2.4181225 , ...,  1.2494072 ,
    -0.3303736 , -1.9318312 ]],

  [[-0.19127764,  6.1148677 , -1.4593134 , ...,  4.5862713 ,
     3.7281158 , 11.399148  ],
   [-1.3417982 ,  3.7178524 ,  1.2939326 , ...,  4.092366  ,
    -0.25501993, -3.791423  ],
   [-2.0764065 ,  2.000885  , -0.9108508 , ...,  5.305685  ,
     2.2654798 , -7.149604  ],
   ...,
   [-0.6457216 ,  0.8325313 ,  1.1262951 , ...,  0.07838576,
    -0.6444809 ,  0.10618147],
   [ 1.0619311 ,  3.331959  ,  1.1767918 , ...,  3.8788557 ,
     3.7278647 , -2.1875384 ],
   [ 8.544142  ,  1.252173  ,  1.8233923 , ...,  3.265544  ,
    -1.488347  ,  0.770847  ]],

  [[-2.21025   ,  2.3050983 ,  0.2751042 , ..., -1.363919  ,
     0.07791202,  3.4962015 ],
   [ 1.2595506 , -0.1681561 ,  0.9078909 , ..., -4.548425  ,
    -1.567422  , -0.37067068],
   [-3.2801168 , -1.9886712 , -0.6979949 , ..., -2.55098   ,
     2.2442875 , -0.38231322],
   ...,
   [-3.2601035 ,  0.9381265 ,  0.9100451 , ..., -0.73762876,
     0.6419372 ,  0.9459824 ],
   [-3.1047451 ,  2.5621881 ,  0.1557592 , ...,  1.371969  ,
    -0.25578955,  1.179177  ],
   [-6.517525  , -2.2849386 , -2.1076915 , ...,  0.00596986,
     1.9608305 ,  9.528261  ]]],


 ...,


 [[[ 0.3944728 ,  0.9381048 , -3.2282164 , ...,  1.7326189 ,
     3.3277771 , -2.437452  ],
   [ 2.6567972 ,  0.43126455, -2.1609437 , ..., -2.4614851 ,
     2.335074  , -2.1538444 ],
   [-1.865276  , -2.932504  , -4.056898  , ..., -0.60022336,
    -1.2056789 , -0.8435054 ],
   ...,
   [-0.10625222,  0.32880855, -1.8378218 , ...,  1.9467847 ,
     0.25540495,  0.2807064 ],
   [ 3.39662   ,  3.7415864 , -1.8722323 , ...,  0.20852433,
    -0.00974597,  7.7785826 ],
   [-3.7150347 ,  1.5242934 , -0.9670397 , ...,  5.8604712 ,
     1.8254466 , -8.295915  ]],

  [[-8.132499  ,  0.75591135,  2.2041273 , ...,  0.7517077 ,
     6.350035  ,  1.7960315 ],
   [-1.7907771 ,  3.5284002 ,  0.81155425, ...,  2.411503  ,
     0.9378383 ,  5.4103174 ],
   [-0.49620816,  7.0769877 ,  0.6485631 , ...,  2.1494887 ,
     1.5196172 , -3.4480476 ],
   ...,
   [-4.186835  ,  1.8773588 ,  2.488464  , ...,  5.2347975 ,
    -5.8131666 ,  0.86742365],
   [-2.3590786 ,  3.0374382 ,  0.83991534, ...,  2.962759  ,
     2.6475186 ,  0.9900376 ],
   [-0.49920174,  0.81731975,  3.4328613 , ..., -0.715633  ,
     2.4405332 ,  6.489125  ]],

  [[ 3.3044477 , -0.27040675, -3.1523073 , ...,  3.571418  ,
    -1.28828   , -1.3876649 ],
   [-1.626527  ,  0.6717775 ,  1.508471  , ..., -0.83054644,
     0.22130242, -1.848574  ],
   [-7.389891  ,  3.683721  ,  0.5664657 , ..., -1.2298821 ,
    -1.186526  ,  2.2416523 ],
   ...,
   [-0.0041555 ,  2.6189487 ,  5.356994  , ..., -0.1443356 ,
     6.800918  , -0.55074584],
   [-2.161707  ,  3.319065  , -1.1255361 , ...,  1.5659913 ,
     1.1490828 ,  2.2946348 ],
   [10.177984  ,  2.0807729 , -2.4646432 , ..., -0.7517484 ,
     3.2294223 ,  6.354773  ]]],


 [[[ 6.516351  ,  4.621986  , -0.37612763, ...,  1.8184621 ,
     0.37283456,  5.019844  ],
   [ 2.904388  , -1.1398244 ,  1.8215548 , ..., -2.1025407 ,
    -0.2987057 ,  3.8665636 ],
   [-2.6152606 , -0.21809433, -2.2731361 , ...,  1.6203586 ,
    -0.1258521 , -2.257685  ],
   ...,
   [-3.8908315 ,  0.3271886 , -4.016126  , ...,  0.4359707 ,
    -0.67427653,  6.047102  ],
   [ 2.1338959 , -1.3769826 , -2.1512046 , ...,  1.4015726 ,
     3.6715732 ,  1.1852578 ],
   [-9.2489805 ,  0.8504723 , -2.2267282 , ..., -4.8099484 ,
     3.8725564 ,  2.4171371 ]],

  [[-7.8354993 ,  1.8533342 ,  6.1235604 , ...,  0.9856514 ,
     2.284518  ,  3.8842282 ],
   [-2.018936  , -3.784868  , -1.1927094 , ...,  1.2014486 ,
     1.9130355 , -2.5181234 ],
   [-0.8832721 ,  0.15792167,  1.459528  , ...,  4.895437  ,
    -2.2068186 ,  2.4949124 ],
   ...,
   [-3.880742  ,  1.7490187 ,  4.3220205 , ...,  1.1128925 ,
    -0.5444174 , -2.9805663 ],
   [ 0.4211411 ,  3.5833037 ,  4.3910394 , ...,  1.1811526 ,
     2.6397903 ,  3.1611292 ],
   [-0.36491165, -5.725387  , -1.9662416 , ...,  0.3936143 ,
     0.6891278 ,  0.4891281 ]],

  [[-0.7717806 ,  4.82085   , -0.31765273, ..., -1.0339314 ,
    -1.6565281 , -0.86745304],
   [-4.6018276 , -0.9595338 , -0.25526917, ..., -0.01742759,
     3.9111867 , -2.3122814 ],
   [-3.1031182 ,  0.22101581,  1.358265  , ...,  2.773314  ,
     1.1379057 , -5.7972236 ],
   ...,
   [-6.931898  ,  3.843697  , -1.0367202 , ..., -2.6863403 ,
    -0.48539898, -0.30012393],
   [-1.5133729 ,  3.6394057 ,  0.37275597, ...,  2.1435008 ,
     4.4184084 ,  1.2581669 ],
   [-3.85208   , -0.16149591, -2.6287107 , ..., -2.1676333 ,
    -2.7840064 , -1.1370808 ]]],


 [[[-0.00708159, -2.485709  ,  3.049621  , ...,  2.9348562 ,
    -1.6092094 ,  0.93994445],
   [-1.2687312 ,  1.3275596 , -1.2070014 , ..., -0.47281682,
     2.704859  ,  0.81721336],
   [ 5.0227733 , -0.38414085, -2.4922614 , ..., -2.247365  ,
    -0.84678245, -0.20854276],
   ...,
   [-2.0362275 , -1.1412295 ,  0.56325513, ...,  2.1231873 ,
    -0.89176506, -7.3267665 ],
   [-0.4309539 , -1.3073307 ,  0.50588876, ...,  1.7417585 ,
     0.75146264, -1.7811168 ],
   [-5.6033144 , -2.3585565 ,  2.1720169 , ..., -1.6601075 ,
     5.9965844 , -0.18125202]],

  [[-7.142735  ,  0.52392864,  3.1398854 , ...,  6.9740806 ,
     0.44978538,  5.019418  ],
   [ 2.8046951 ,  0.6715249 , -0.8783333 , ...,  4.711453  ,
    -2.687472  , -2.1581717 ],
   [-1.2496578 , -0.08970308,  0.17784995, ...,  4.8254485 ,
    -2.6044238 ,  0.65949214],
   ...,
   [-6.764113  ,  2.5784802 , -1.1001301 , ...,  1.4915097 ,
     3.396676  ,  2.4189692 ],
   [ 0.2874155 ,  2.7493308 , -1.0914773 , ...,  3.1951718 ,
     1.046615  , -0.54853565],
   [ 3.840126  ,  4.91331   ,  0.4504696 , ...,  1.3840076 ,
     1.9792825 , -4.8954678 ]],

  [[13.268359  ,  4.63266   , -5.7887645 , ..., -4.471062  ,
     0.7074821 , -7.2094803 ],
   [-1.5066944 , -0.58450454,  1.3537781 , ..., -1.7609866 ,
    -1.2329032 ,  4.305867  ],
   [-1.0737215 ,  5.5766    ,  1.7764287 , ..., -2.9428144 ,
     2.2786555 , -0.8862892 ],
   ...,
   [-1.61343   ,  3.2893493 ,  0.04900483, ..., -1.8944921 ,
     7.198982  ,  1.1510652 ],
   [-0.995563  ,  3.980525  ,  0.97413677, ...,  3.9313943 ,
     1.6534251 ,  1.2564334 ],
   [ 0.6114021 , -3.0940535 ,  1.469337  , ...,  1.1085565 ,
    -0.11418246,  7.5516663 ]]]]